633.0,147.0,19.0,22.0,80.0,111.0
147.0,521.0,56.0,42.0,70.0,129.0
19.0,56.0,547.0,27.0,433.0,82.0
22.0,42.0,27.0,551.0,17.0,31.0
80.0,70.0,433.0,17.0,686.0,59.0
111.0,129.0,82.0,31.0,59.0,485.0
